// Auto-generated from FastME p_models.c.  Do not edit by hand.

// --- Dayhoff ---
static constexpr double kR_Dayhoff[20][20] = {
  { 0, 27, 98, 120, 36, 89, 198, 240, 23, 65, 41, 26, 72, 18, 250, 409, 371, 0, 24, 208 },
  { 27, 0, 32, 0, 23, 246, 1, 9, 240, 64, 15, 464, 90, 14, 103, 154, 26, 201, 8, 24 },
  { 98, 32, 0, 905, 0, 103, 148, 139, 535, 77, 34, 318, 1, 14, 42, 495, 229, 23, 95, 15 },
  { 120, 0, 905, 0, 0, 134, 1153, 125, 86, 24, 0, 71, 0, 0, 13, 95, 66, 0, 0, 18 },
  { 36, 23, 0, 0, 0, 0, 0, 11, 28, 44, 0, 0, 0, 0, 19, 161, 16, 0, 96, 49 },
  { 89, 246, 103, 134, 0, 0, 716, 28, 606, 18, 73, 153, 114, 0, 153, 56, 53, 0, 0, 35 },
  { 198, 1, 148, 1153, 0, 716, 0, 81, 43, 61, 11, 83, 30, 0, 51, 79, 34, 0, 22, 37 },
  { 240, 9, 139, 125, 11, 28, 81, 0, 10, 0, 7, 27, 17, 15, 34, 234, 30, 0, 0, 54 },
  { 23, 240, 535, 86, 28, 606, 43, 10, 0, 7, 44, 26, 0, 48, 94, 35, 22, 27, 127, 44 },
  { 65, 64, 77, 24, 44, 18, 61, 0, 7, 0, 257, 46, 336, 196, 12, 24, 192, 0, 37, 889 },
  { 41, 15, 34, 0, 0, 73, 11, 7, 44, 257, 0, 18, 527, 157, 32, 17, 33, 46, 28, 175 },
  { 26, 464, 318, 71, 0, 153, 83, 27, 26, 46, 18, 0, 243, 0, 33, 96, 136, 0, 13, 10 },
  { 72, 90, 1, 0, 0, 114, 30, 17, 0, 336, 527, 243, 0, 92, 17, 62, 104, 0, 0, 258 },
  { 18, 14, 14, 0, 0, 0, 0, 15, 48, 196, 157, 0, 92, 0, 11, 46, 13, 76, 698, 12 },
  { 250, 103, 42, 13, 19, 153, 51, 34, 94, 12, 32, 33, 17, 11, 0, 245, 78, 0, 0, 48 },
  { 409, 154, 495, 95, 161, 56, 79, 234, 35, 24, 17, 96, 62, 46, 245, 0, 550, 75, 34, 30 },
  { 371, 26, 229, 66, 16, 53, 34, 30, 22, 192, 33, 136, 104, 13, 78, 550, 0, 0, 42, 157 },
  { 0, 201, 23, 0, 0, 0, 0, 0, 27, 0, 46, 0, 0, 76, 0, 75, 0, 0, 61, 0 },
  { 24, 8, 95, 0, 96, 0, 22, 0, 127, 37, 28, 13, 0, 698, 0, 34, 42, 61, 0, 28 },
  { 208, 24, 15, 18, 49, 35, 37, 54, 44, 889, 175, 10, 258, 12, 48, 30, 157, 0, 28, 0 },
};
static constexpr double kPi_Dayhoff[20] = {
  0.087127, 0.040904, 0.040432, 0.046872, 0.033474, 0.038255, 0.04953, 0.088612, 0.033618, 0.036886, 0.085357, 0.080482, 0.014753, 0.039772, 0.05068, 0.069577, 0.058542, 0.010494, 0.029916, 0.064718
};

// --- JTT ---
static constexpr double kR_JTT[20][20] = {
  { 0, 58, 54, 81, 56, 57, 105, 179, 27, 36, 30, 35, 54, 15, 194, 378, 475, 9, 11, 298 },
  { 58, 0, 45, 16, 113, 310, 29, 137, 328, 22, 38, 646, 44, 5, 74, 101, 64, 126, 20, 17 },
  { 54, 45, 0, 528, 34, 86, 58, 81, 391, 47, 12, 263, 30, 10, 15, 503, 232, 8, 70, 16 },
  { 81, 16, 528, 0, 10, 49, 767, 130, 112, 11, 7, 26, 15, 4, 15, 59, 38, 4, 46, 31 },
  { 56, 113, 34, 10, 0, 9, 5, 59, 69, 17, 23, 7, 31, 78, 14, 223, 42, 115, 209, 62 },
  { 57, 310, 86, 49, 9, 0, 323, 26, 597, 9, 72, 292, 43, 4, 164, 53, 51, 18, 24, 20 },
  { 105, 29, 58, 767, 5, 323, 0, 119, 26, 12, 9, 181, 18, 5, 18, 30, 32, 10, 7, 45 },
  { 179, 137, 81, 130, 59, 26, 119, 0, 23, 6, 6, 27, 14, 5, 24, 201, 33, 55, 8, 47 },
  { 27, 328, 391, 112, 69, 597, 26, 23, 0, 16, 56, 45, 33, 40, 115, 73, 46, 8, 573, 11 },
  { 36, 22, 47, 11, 17, 9, 12, 6, 16, 0, 229, 21, 479, 89, 10, 40, 245, 9, 32, 961 },
  { 30, 38, 12, 7, 23, 72, 9, 6, 56, 229, 0, 14, 388, 248, 102, 59, 25, 52, 24, 180 },
  { 35, 646, 263, 26, 7, 292, 181, 27, 45, 21, 14, 0, 65, 4, 21, 47, 103, 10, 8, 14 },
  { 54, 44, 30, 15, 31, 43, 18, 14, 33, 479, 388, 65, 0, 43, 16, 29, 226, 24, 18, 323 },
  { 15, 5, 10, 4, 78, 4, 5, 5, 40, 89, 248, 4, 43, 0, 17, 92, 12, 53, 536, 62 },
  { 194, 74, 15, 15, 14, 164, 18, 24, 115, 10, 102, 21, 16, 17, 0, 285, 118, 6, 10, 23 },
  { 378, 101, 503, 59, 223, 53, 30, 201, 73, 40, 59, 47, 29, 92, 285, 0, 477, 35, 63, 38 },
  { 475, 64, 232, 38, 42, 51, 32, 33, 46, 245, 25, 103, 226, 12, 118, 477, 0, 12, 21, 112 },
  { 9, 126, 8, 4, 115, 18, 10, 55, 8, 9, 52, 10, 24, 53, 6, 35, 12, 0, 71, 25 },
  { 11, 20, 70, 46, 209, 24, 7, 8, 573, 32, 24, 8, 18, 536, 10, 63, 21, 71, 0, 16 },
  { 298, 17, 16, 31, 62, 20, 45, 47, 11, 961, 180, 14, 323, 62, 23, 38, 112, 25, 16, 0 },
};
static constexpr double kPi_JTT[20] = {
  0.076748, 0.051691, 0.042645, 0.051544, 0.019803, 0.040752, 0.06183, 0.073152, 0.022944, 0.053761, 0.091904, 0.058676, 0.023826, 0.040126, 0.050901, 0.068765, 0.058565, 0.014261, 0.032102, 0.066005
};

// --- MtREV ---
static constexpr double kR_MtREV[20][20] = {
  { 0, 23.18, 26.95, 17.67, 59.93, 1.9, 9.77, 120.71, 13.9, 96.49, 25.46, 8.36, 141.88, 6.37, 54.31, 387.86, 480.72, 1.9, 6.48, 195.06 },
  { 23.18, 0, 13.24, 1.9, 103.33, 220.99, 1.9, 23.03, 165.23, 1.9, 15.58, 141.4, 1.9, 4.69, 23.64, 6.04, 2.08, 21.95, 1.9, 7.64 },
  { 26.95, 13.24, 0, 794.38, 58.94, 173.56, 63.05, 53.3, 496.13, 27.1, 15.16, 608.7, 65.41, 15.2, 73.31, 494.39, 238.46, 10.68, 191.36, 1.9 },
  { 17.67, 1.9, 794.38, 0, 1.9, 55.28, 583.55, 56.77, 113.99, 4.34, 1.9, 2.31, 1.9, 4.98, 13.43, 69.02, 28.01, 19.86, 21.21, 1.9 },
  { 59.93, 103.33, 58.94, 1.9, 0, 75.24, 1.9, 30.71, 141.49, 62.73, 25.65, 1.9, 6.18, 70.8, 31.26, 277.05, 179.97, 33.6, 254.77, 1.9 },
  { 1.9, 220.99, 173.56, 55.28, 75.24, 0, 313.56, 6.75, 582.4, 8.34, 39.7, 465.58, 47.37, 19.11, 137.29, 54.11, 94.93, 1.9, 38.82, 19 },
  { 9.77, 1.9, 63.05, 583.55, 1.9, 313.56, 0, 28.28, 49.12, 3.31, 1.9, 313.86, 1.9, 2.67, 12.83, 54.71, 14.82, 1.9, 13.12, 21.14 },
  { 120.71, 23.03, 53.3, 56.77, 30.71, 6.75, 28.28, 0, 1.9, 5.98, 2.41, 22.73, 1.9, 1.9, 1.9, 125.93, 11.17, 10.92, 3.21, 2.53 },
  { 13.9, 165.23, 496.13, 113.99, 141.49, 582.4, 49.12, 1.9, 0, 12.26, 11.49, 127.67, 11.97, 48.16, 60.97, 77.46, 44.78, 7.08, 670.14, 1.9 },
  { 96.49, 1.9, 27.1, 4.34, 62.73, 8.34, 3.31, 5.98, 12.26, 0, 329.09, 19.57, 517.98, 84.67, 20.63, 47.7, 368.43, 1.9, 25.01, 1222.94 },
  { 25.46, 15.58, 15.16, 1.9, 25.65, 39.7, 1.9, 2.41, 11.49, 329.09, 0, 14.88, 537.53, 216.06, 40.1, 73.61, 126.4, 32.44, 44.15, 91.67 },
  { 8.36, 141.4, 608.7, 2.31, 1.9, 465.58, 313.86, 22.73, 127.67, 19.57, 14.88, 0, 91.37, 6.44, 50.1, 105.79, 136.33, 24, 51.17, 1.9 },
  { 141.88, 1.9, 65.41, 1.9, 6.18, 47.37, 1.9, 1.9, 11.97, 517.98, 537.53, 91.37, 0, 90.82, 18.84, 111.16, 528.17, 21.71, 39.96, 387.54 },
  { 6.37, 4.69, 15.2, 4.98, 70.8, 19.11, 2.67, 1.9, 48.16, 84.67, 216.06, 6.44, 90.82, 0, 17.31, 64.29, 33.85, 7.84, 465.58, 6.35 },
  { 54.31, 23.64, 73.31, 13.43, 31.26, 137.29, 12.83, 1.9, 60.97, 20.63, 40.1, 50.1, 18.84, 17.31, 0, 169.9, 128.22, 4.21, 16.21, 8.23 },
  { 387.86, 6.04, 494.39, 69.02, 277.05, 54.11, 54.71, 125.93, 77.46, 47.7, 73.61, 105.79, 111.16, 64.29, 169.9, 0, 597.21, 38.58, 64.92, 1.9 },
  { 480.72, 2.08, 238.46, 28.01, 179.97, 94.93, 14.82, 11.17, 44.78, 368.43, 126.4, 136.33, 528.17, 33.85, 128.22, 597.21, 0, 9.99, 38.73, 204.54 },
  { 1.9, 21.95, 10.68, 19.86, 33.6, 1.9, 1.9, 10.92, 7.08, 1.9, 32.44, 24, 21.71, 7.84, 4.21, 38.58, 9.99, 0, 26.25, 5.37 },
  { 6.48, 1.9, 191.36, 21.21, 254.77, 38.82, 13.12, 3.21, 670.14, 25.01, 44.15, 51.17, 39.96, 465.58, 16.21, 64.92, 38.73, 26.25, 0, 1.9 },
  { 195.06, 7.64, 1.9, 1.9, 1.9, 19, 21.14, 2.53, 1.9, 1222.94, 91.67, 1.9, 387.54, 6.35, 8.23, 1.9, 204.54, 5.37, 1.9, 0 },
};
static constexpr double kPi_MtREV[20] = {
  0.072, 0.019, 0.039, 0.019, 0.006, 0.025, 0.024, 0.056, 0.028, 0.088, 0.169, 0.023, 0.054, 0.061, 0.054, 0.072, 0.086, 0.029, 0.033, 0.043
};

// --- LG ---
static constexpr double kR_LG[20][20] = {
  { 0, 0.449682, 0.267582, 0.401081, 2.312843, 0.944706, 1.164358, 2.101845, 0.341479, 0.122945, 0.391826, 0.556137, 1.050301, 0.237746, 1.232907, 4.655234, 1.986433, 0.179433, 0.223517, 2.368823 },
  { 0.449682, 0, 0.827348, 0.132811, 0.552587, 3.109412, 0.442407, 0.44398, 2.657648, 0.134451, 0.33036, 7.114371, 0.477124, 0.055544, 0.404818, 0.897892, 0.579784, 0.701255, 0.342216, 0.173721 },
  { 0.267582, 0.827348, 0, 5.921004, 0.522133, 1.877436, 0.599223, 1.566189, 4.889564, 0.216069, 0.075149, 2.463341, 0.370061, 0.090929, 0.19063, 4.299421, 2.061491, 0.054722, 0.658002, 0.088856 },
  { 0.401081, 0.132811, 5.921004, 0, 0.056428, 0.498202, 6.374225, 0.922928, 0.982202, 0.010922, 0.017176, 0.278545, 0.022762, 0.017714, 0.449817, 1.268215, 0.405969, 0.046559, 0.147235, 0.03872 },
  { 2.312843, 0.552587, 0.522133, 0.056428, 0, 0.080602, 0.00133, 0.529114, 0.593147, 0.262931, 0.541544, 0.003892, 0.773189, 0.950511, 0.076565, 2.605967, 0.993542, 0.659458, 1.095311, 1.745884 },
  { 0.944706, 3.109412, 1.877436, 0.498202, 0.080602, 0, 4.799804, 0.279365, 5.177996, 0.073719, 0.61329, 3.466773, 1.656669, 0.033627, 0.69839, 1.205796, 1.027335, 0.249044, 0.244886, 0.204644 },
  { 1.164358, 0.442407, 0.599223, 6.374225, 0.00133, 4.799804, 0, 0.407773, 0.458209, 0.056153, 0.086633, 2.168935, 0.183748, 0.024362, 0.523437, 0.667092, 0.659097, 0.099542, 0.140547, 0.278624 },
  { 2.101845, 0.44398, 1.566189, 0.922928, 0.529114, 0.279365, 0.407773, 0, 0.30432, 0.008454, 0.047556, 0.313114, 0.137976, 0.080743, 0.226307, 1.784779, 0.114336, 0.292882, 0.056885, 0.075577 },
  { 0.341479, 2.657648, 4.889564, 0.982202, 0.593147, 5.177996, 0.458209, 0.30432, 0, 0.106232, 0.363554, 0.682564, 0.395265, 0.616582, 0.545492, 0.947402, 0.526423, 0.559689, 5.446234, 0.108961 },
  { 0.122945, 0.134451, 0.216069, 0.010922, 0.262931, 0.073719, 0.056153, 0.008454, 0.106232, 0, 3.801506, 0.173179, 3.84902, 1.020659, 0.086269, 0.063251, 0.992803, 0.121839, 0.238891, 9.416771 },
  { 0.391826, 0.33036, 0.075149, 0.017176, 0.541544, 0.61329, 0.086633, 0.047556, 0.363554, 3.801506, 0, 0.145273, 5.836269, 2.426267, 0.265077, 0.184361, 0.286481, 0.649934, 0.292232, 1.519645 },
  { 0.556137, 7.114371, 2.463341, 0.278545, 0.003892, 3.466773, 2.168935, 0.313114, 0.682564, 0.173179, 0.145273, 0, 0.672252, 0.026721, 0.445474, 0.755746, 1.152184, 0.047995, 0.138336, 0.184432 },
  { 1.050301, 0.477124, 0.370061, 0.022762, 0.773189, 1.656669, 0.183748, 0.137976, 0.395265, 3.84902, 5.836269, 0.672252, 0, 1.626175, 0.096861, 0.319101, 1.866946, 0.660667, 0.436403, 1.595049 },
  { 0.237746, 0.055544, 0.090929, 0.017714, 0.950511, 0.033627, 0.024362, 0.080743, 0.616582, 1.020659, 2.426267, 0.026721, 1.626175, 0, 0.104849, 0.355654, 0.145526, 2.425821, 7.598781, 0.578417 },
  { 1.232907, 0.404818, 0.19063, 0.449817, 0.076565, 0.69839, 0.523437, 0.226307, 0.545492, 0.086269, 0.265077, 0.445474, 0.096861, 0.104849, 0, 1.424806, 0.592443, 0.118287, 0.109774, 0.302548 },
  { 4.655234, 0.897892, 4.299421, 1.268215, 2.605967, 1.205796, 0.667092, 1.784779, 0.947402, 0.063251, 0.184361, 0.755746, 0.319101, 0.355654, 1.424806, 0, 6.266071, 0.267487, 0.407468, 0.062285 },
  { 1.986433, 0.579784, 2.061491, 0.405969, 0.993542, 1.027335, 0.659097, 0.114336, 0.526423, 0.992803, 0.286481, 1.152184, 1.866946, 0.145526, 0.592443, 6.266071, 0, 0.144967, 0.236493, 1.947321 },
  { 0.179433, 0.701255, 0.054722, 0.046559, 0.659458, 0.249044, 0.099542, 0.292882, 0.559689, 0.121839, 0.649934, 0.047995, 0.660667, 2.425821, 0.118287, 0.267487, 0.144967, 0, 3.344523, 0.201078 },
  { 0.223517, 0.342216, 0.658002, 0.147235, 1.095311, 0.244886, 0.140547, 0.056885, 5.446234, 0.238891, 0.292232, 0.138336, 0.436403, 7.598781, 0.109774, 0.407468, 0.236493, 3.344523, 0, 0.235819 },
  { 2.368823, 0.173721, 0.088856, 0.03872, 1.745884, 0.204644, 0.278624, 0.075577, 0.108961, 9.416771, 1.519645, 0.184432, 1.595049, 0.578417, 0.302548, 0.062285, 1.947321, 0.201078, 0.235819, 0 },
};
static constexpr double kPi_LG[20] = {
  0.079611, 0.053191, 0.039948, 0.050634, 0.01359, 0.038611, 0.066539, 0.059913, 0.021738, 0.063589, 0.105134, 0.061845, 0.02299, 0.044365, 0.044909, 0.059477, 0.054114, 0.012588, 0.035709, 0.071505
};

// --- WAG ---
static constexpr double kR_WAG[20][20] = {
  { 0, 55.1571, 50.9848, 73.8998, 102.704, 90.8598, 158.285, 141.672, 31.6954, 19.3335, 39.7915, 90.6265, 89.3496, 21.0494, 143.855, 337.079, 212.111, 11.3133, 24.0735, 200.601 },
  { 55.1571, 0, 63.5346, 14.7304, 52.8191, 303.55, 43.9157, 58.4665, 213.715, 18.6979, 49.7671, 535.142, 68.3162, 10.2711, 67.9489, 122.419, 55.4413, 116.392, 38.1533, 25.1849 },
  { 50.9848, 63.5346, 0, 542.942, 26.5256, 154.364, 94.7198, 112.556, 395.629, 55.4236, 13.1528, 301.201, 19.8221, 9.61621, 19.5081, 397.423, 203.006, 7.19167, 108.6, 19.6246 },
  { 73.8998, 14.7304, 542.942, 0, 3.02949, 61.6783, 617.416, 86.5584, 93.0676, 3.9437, 8.48047, 47.9855, 10.3754, 4.67304, 42.3984, 107.176, 37.4866, 12.9767, 32.5711, 15.2335 },
  { 102.704, 52.8191, 26.5256, 3.02949, 0, 9.88179, 2.1352, 30.6674, 24.8972, 17.0135, 38.4287, 7.40339, 39.0482, 39.802, 10.9404, 140.766, 51.2984, 71.707, 54.3833, 100.214 },
  { 90.8598, 303.55, 154.364, 61.6783, 9.88179, 0, 546.947, 33.0052, 429.411, 11.3917, 86.9489, 389.49, 154.526, 9.99208, 93.3372, 102.887, 85.7928, 21.5737, 22.771, 30.1281 },
  { 158.285, 43.9157, 94.7198, 617.416, 2.1352, 546.947, 0, 56.7717, 57.0025, 12.7395, 15.4263, 258.443, 31.5124, 8.11339, 68.2355, 70.4939, 82.2765, 15.6557, 19.6303, 58.8731 },
  { 141.672, 58.4665, 112.556, 86.5584, 30.6674, 33.0052, 56.7717, 0, 24.941, 3.04501, 6.13037, 37.3558, 17.41, 4.9931, 24.357, 134.182, 22.5833, 33.6983, 10.3604, 18.7247 },
  { 31.6954, 213.715, 395.629, 93.0676, 24.8972, 429.411, 57.0025, 24.941, 0, 13.819, 49.9462, 89.0432, 40.4141, 67.9371, 69.6198, 74.0169, 47.3307, 26.2569, 387.344, 11.8358 },
  { 19.3335, 18.6979, 55.4236, 3.9437, 17.0135, 11.3917, 12.7395, 3.04501, 13.819, 0, 317.097, 32.3832, 425.746, 105.947, 9.99288, 31.944, 145.816, 21.2483, 42.017, 782.13 },
  { 39.7915, 49.7671, 13.1528, 8.48047, 38.4287, 86.9489, 15.4263, 6.13037, 49.9462, 317.097, 0, 25.7555, 485.402, 211.517, 41.5844, 34.4739, 32.6622, 66.5309, 39.8618, 180.034 },
  { 90.6265, 535.142, 301.201, 47.9855, 7.40339, 389.49, 258.443, 37.3558, 89.0432, 32.3832, 25.7555, 0, 93.4276, 8.8836, 55.6896, 96.713, 138.698, 13.7505, 13.3264, 30.5434 },
  { 89.3496, 68.3162, 19.8221, 10.3754, 39.0482, 154.526, 31.5124, 17.41, 40.4141, 425.746, 485.402, 93.4276, 0, 119.063, 17.1329, 49.3905, 151.612, 51.5706, 42.8437, 205.845 },
  { 21.0494, 10.2711, 9.61621, 4.67304, 39.802, 9.99208, 8.11339, 4.9931, 67.9371, 105.947, 211.517, 8.8836, 119.063, 0, 16.1444, 54.5931, 17.1903, 152.964, 645.428, 64.9892 },
  { 143.855, 67.9489, 19.5081, 42.3984, 10.9404, 93.3372, 68.2355, 24.357, 69.6198, 9.99288, 41.5844, 55.6896, 17.1329, 16.1444, 0, 161.328, 79.5384, 13.9405, 21.6046, 31.4887 },
  { 337.079, 122.419, 397.423, 107.176, 140.766, 102.887, 70.4939, 134.182, 74.0169, 31.944, 34.4739, 96.713, 49.3905, 54.5931, 161.328, 0, 437.802, 52.3742, 78.6993, 23.2739 },
  { 212.111, 55.4413, 203.006, 37.4866, 51.2984, 85.7928, 82.2765, 22.5833, 47.3307, 145.816, 32.6622, 138.698, 151.612, 17.1903, 79.5384, 437.802, 0, 11.0864, 29.1148, 138.823 },
  { 11.3133, 116.392, 7.19167, 12.9767, 71.707, 21.5737, 15.6557, 33.6983, 26.2569, 21.2483, 66.5309, 13.7505, 51.5706, 152.964, 13.9405, 52.3742, 11.0864, 0, 248.539, 36.5369 },
  { 24.0735, 38.1533, 108.6, 32.5711, 54.3833, 22.771, 19.6303, 10.3604, 387.344, 42.017, 39.8618, 13.3264, 42.8437, 645.428, 21.6046, 78.6993, 29.1148, 248.539, 0, 31.473 },
  { 200.601, 25.1849, 19.6246, 15.2335, 100.214, 30.1281, 58.8731, 18.7247, 11.8358, 782.13, 180.034, 30.5434, 205.845, 64.9892, 31.4887, 23.2739, 138.823, 36.5369, 31.473, 0 },
};
static constexpr double kPi_WAG[20] = {
  0.0866279, 0.043972, 0.0390894, 0.0570451, 0.0193078, 0.0367281, 0.0580589, 0.0832518, 0.0244313, 0.048466, 0.086209, 0.0620286, 0.0195027, 0.0384319, 0.0457631, 0.0695179, 0.0610127, 0.0143859, 0.0352742, 0.0708956
};

// --- DCMut ---
static constexpr double kR_DCMut[20][20] = {
  { 0, 26.7828, 98.4474, 119.9805, 36.0016, 88.7753, 196.1167, 238.6111, 22.8116, 65.3416, 40.6431, 25.8635, 71.784, 18.3641, 248.592, 405.187, 368.0365, 0, 24.4139, 205.9564 },
  { 26.7828, 0, 32.7059, 0, 23.2374, 243.9939, 0, 8.7791, 238.3148, 63.2629, 15.4924, 461.0124, 89.6321, 13.6906, 102.8313, 153.159, 26.5745, 200.1375, 7.8012, 24.0368 },
  { 98.4474, 32.7059, 0, 893.1515, 0, 102.8509, 149.3409, 138.5352, 529.0024, 76.8024, 34.1113, 314.8371, 0, 13.8503, 41.9244, 488.5892, 227.1697, 22.4968, 94.694, 15.8067 },
  { 119.9805, 0, 893.1515, 0, 0, 134.8551, 1138.8659, 124.0981, 86.8241, 23.9248, 0, 71.6913, 0, 0, 13.394, 95.6097, 66.093, 0, 0, 17.8316 },
  { 36.0016, 23.2374, 0, 0, 0, 0, 0, 10.7278, 28.2729, 43.8074, 0, 0, 0, 0, 18.755, 159.8356, 16.2366, 0, 95.3164, 48.4678 },
  { 88.7753, 243.9939, 102.8509, 134.8551, 0, 0, 708.6022, 28.1581, 601.1613, 18.0393, 73.0772, 151.9078, 112.7499, 0, 152.6188, 56.1828, 52.5651, 0, 0, 34.6983 },
  { 196.1167, 0, 149.3409, 1138.8659, 0, 708.6022, 0, 81.1907, 43.9469, 60.9526, 11.288, 83.0078, 30.4803, 0, 50.7003, 79.3999, 34.0156, 0, 21.4717, 36.725 },
  { 238.6111, 8.7791, 138.5352, 124.0981, 10.7278, 28.1581, 81.1907, 0, 10.6802, 0, 7.1514, 26.7683, 17.0372, 15.3478, 34.7153, 232.2243, 30.6662, 0, 0, 53.8165 },
  { 22.8116, 238.3148, 529.0024, 86.8241, 28.2729, 601.1613, 43.9469, 10.6802, 0, 7.6981, 44.3504, 27.0475, 0, 47.5927, 93.3709, 35.3643, 22.6333, 27.0564, 126.54, 43.8715 },
  { 65.3416, 63.2629, 76.8024, 23.9248, 43.8074, 18.0393, 60.9526, 0, 7.6981, 0, 255.6685, 46.0857, 333.2732, 195.1951, 11.9152, 24.7955, 190.0739, 0, 37.4834, 881.0038 },
  { 40.6431, 15.4924, 34.1113, 0, 0, 73.0772, 11.288, 7.1514, 44.3504, 255.6685, 0, 18.0629, 523.0115, 156.516, 31.6258, 17.1432, 33.109, 46.1776, 28.6572, 174.5156 },
  { 25.8635, 461.0124, 314.8371, 71.6913, 0, 151.9078, 83.0078, 26.7683, 27.0475, 46.0857, 18.0629, 0, 241.1739, 0, 33.5419, 95.4557, 135.0599, 0, 13.2142, 10.385 },
  { 71.784, 89.6321, 0, 0, 0, 112.7499, 30.4803, 17.0372, 0, 333.2732, 523.0115, 241.1739, 0, 92.186, 17.0205, 61.9951, 103.1534, 0, 0, 256.5955 },
  { 18.3641, 13.6906, 13.8503, 0, 0, 0, 0, 15.3478, 47.5927, 195.1951, 156.516, 0, 92.186, 0, 11.0506, 45.9901, 13.6655, 76.2354, 695.2629, 12.3606 },
  { 248.592, 102.8313, 41.9244, 13.394, 18.755, 152.6188, 50.7003, 34.7153, 93.3709, 11.9152, 31.6258, 33.5419, 17.0205, 11.0506, 0, 242.7202, 78.2857, 0, 0, 48.5026 },
  { 405.187, 153.159, 488.5892, 95.6097, 159.8356, 56.1828, 79.3999, 232.2243, 35.3643, 24.7955, 17.1432, 95.4557, 61.9951, 45.9901, 242.7202, 0, 543.6674, 74.0819, 33.6289, 30.3836 },
  { 368.0365, 26.5745, 227.1697, 66.093, 16.2366, 52.5651, 34.0156, 30.6662, 22.6333, 190.0739, 33.109, 135.0599, 103.1534, 13.6655, 78.2857, 543.6674, 0, 0, 41.7839, 156.1997 },
  { 0, 200.1375, 22.4968, 0, 0, 0, 0, 0, 27.0564, 0, 46.1776, 0, 0, 76.2354, 0, 74.0819, 0, 0, 60.807, 0 },
  { 24.4139, 7.8012, 94.694, 0, 95.3164, 0, 21.4717, 0, 126.54, 37.4834, 28.6572, 13.2142, 0, 695.2629, 0, 33.6289, 41.7839, 60.807, 0, 27.9379 },
  { 205.9564, 24.0368, 15.8067, 17.8316, 48.4678, 34.6983, 36.725, 53.8165, 43.8715, 881.0038, 174.5156, 10.385, 256.5955, 12.3606, 48.5026, 30.3836, 156.1997, 0, 27.9379, 0 },
};
static constexpr double kPi_DCMut[20] = {
  0.087127, 0.040904, 0.040432, 0.046872, 0.033474, 0.038255, 0.04953, 0.088612, 0.033619, 0.036886, 0.085357, 0.080481, 0.014753, 0.039772, 0.05068, 0.069577, 0.058542, 0.010494, 0.029916, 0.064718
};

// --- RtREV ---
static constexpr double kR_RtREV[20][20] = {
  { 0, 34, 51, 10, 439, 32, 81, 135, 30, 1, 45, 38, 235, 1, 97, 460, 258, 5, 55, 197 },
  { 34, 0, 35, 30, 92, 221, 10, 41, 90, 24, 18, 593, 57, 7, 24, 102, 64, 13, 47, 29 },
  { 51, 35, 0, 384, 128, 236, 79, 94, 320, 35, 15, 123, 1, 49, 33, 294, 148, 16, 28, 21 },
  { 10, 30, 384, 0, 1, 78, 542, 61, 91, 1, 5, 20, 1, 1, 55, 136, 55, 1, 1, 6 },
  { 439, 92, 128, 1, 0, 70, 1, 48, 124, 104, 110, 16, 156, 70, 1, 75, 117, 55, 131, 295 },
  { 32, 221, 236, 78, 70, 0, 372, 18, 387, 33, 54, 309, 158, 1, 68, 225, 146, 10, 45, 36 },
  { 81, 10, 79, 542, 1, 372, 0, 70, 34, 1, 21, 141, 1, 1, 52, 95, 82, 17, 1, 35 },
  { 135, 41, 94, 61, 48, 18, 70, 0, 68, 1, 3, 30, 37, 7, 17, 152, 7, 23, 21, 3 },
  { 30, 90, 320, 91, 124, 387, 34, 68, 0, 34, 51, 76, 116, 141, 44, 183, 49, 48, 307, 1 },
  { 1, 24, 35, 1, 104, 33, 1, 1, 34, 0, 385, 34, 375, 64, 10, 4, 72, 39, 26, 1048 },
  { 45, 18, 15, 5, 110, 54, 21, 3, 51, 385, 0, 23, 581, 179, 22, 24, 25, 47, 64, 112 },
  { 38, 593, 123, 20, 16, 309, 141, 30, 76, 34, 23, 0, 134, 14, 43, 77, 110, 6, 1, 19 },
  { 235, 57, 1, 1, 156, 158, 1, 37, 116, 375, 581, 134, 0, 247, 1, 1, 131, 111, 74, 236 },
  { 1, 7, 49, 1, 70, 1, 1, 7, 141, 64, 179, 14, 247, 0, 11, 20, 69, 182, 1017, 92 },
  { 97, 24, 33, 55, 1, 68, 52, 17, 44, 10, 22, 43, 1, 11, 0, 134, 62, 9, 14, 25 },
  { 460, 102, 294, 136, 75, 225, 95, 152, 183, 4, 24, 77, 1, 20, 134, 0, 671, 14, 31, 39 },
  { 258, 64, 148, 55, 117, 146, 82, 7, 49, 72, 25, 110, 131, 69, 62, 671, 0, 1, 34, 196 },
  { 5, 13, 16, 1, 55, 10, 17, 23, 48, 39, 47, 6, 111, 182, 9, 14, 1, 0, 176, 26 },
  { 55, 47, 28, 1, 131, 45, 1, 21, 307, 26, 64, 1, 74, 1017, 14, 31, 34, 176, 0, 59 },
  { 197, 29, 21, 6, 295, 36, 35, 3, 1, 1048, 112, 19, 236, 92, 25, 39, 196, 26, 59, 0 },
};
static constexpr double kPi_RtREV[20] = {
  0.0646, 0.0453, 0.0376, 0.0422, 0.0114, 0.0606, 0.0607, 0.0639, 0.0273, 0.0679, 0.1018, 0.0751, 0.015, 0.0287, 0.0681, 0.0488, 0.0622, 0.0251, 0.0318, 0.0619
};

// --- CpREV ---
static constexpr double kR_CpREV[20][20] = {
  { 0, 105, 227, 175, 669, 157, 499, 665, 66, 145, 197, 236, 185, 68, 490, 2440, 1340, 14, 56, 968 },
  { 105, 0, 357, 43, 823, 1745, 152, 243, 715, 136, 203, 4482, 125, 53, 87, 385, 314, 230, 323, 92 },
  { 227, 357, 0, 4435, 538, 768, 1055, 653, 1405, 168, 113, 2430, 61, 97, 173, 2085, 1393, 40, 754, 83 },
  { 175, 43, 4435, 0, 10, 400, 3691, 431, 331, 10, 10, 412, 47, 22, 170, 590, 266, 18, 281, 75 },
  { 669, 823, 538, 10, 0, 10, 10, 303, 441, 280, 396, 48, 159, 726, 285, 2331, 576, 435, 1466, 592 },
  { 157, 1745, 768, 400, 10, 0, 3122, 133, 1269, 92, 286, 3313, 202, 10, 323, 396, 241, 53, 391, 54 },
  { 499, 152, 1055, 3691, 10, 3122, 0, 379, 162, 148, 82, 2629, 113, 145, 185, 568, 369, 63, 142, 200 },
  { 665, 243, 653, 431, 303, 133, 379, 0, 19, 40, 20, 263, 21, 25, 28, 691, 92, 82, 10, 91 },
  { 66, 715, 1405, 331, 441, 1269, 162, 19, 0, 29, 66, 305, 10, 127, 152, 303, 32, 69, 1971, 25 },
  { 145, 136, 168, 10, 280, 92, 148, 40, 29, 0, 1745, 345, 1772, 454, 117, 216, 1040, 42, 89, 4797 },
  { 197, 203, 113, 10, 396, 286, 82, 20, 66, 1745, 0, 218, 1351, 1268, 219, 516, 156, 159, 189, 865 },
  { 236, 4482, 2430, 412, 48, 3313, 2629, 263, 305, 345, 218, 0, 193, 72, 302, 868, 918, 10, 247, 249 },
  { 185, 125, 61, 47, 159, 202, 113, 21, 10, 1772, 1351, 193, 0, 327, 100, 93, 645, 86, 215, 475 },
  { 68, 53, 97, 22, 726, 10, 145, 25, 127, 454, 1268, 72, 327, 0, 43, 487, 148, 468, 2370, 317 },
  { 490, 87, 173, 170, 285, 323, 185, 28, 152, 117, 219, 302, 100, 43, 0, 1202, 260, 49, 97, 122 },
  { 2440, 385, 2085, 590, 2331, 396, 568, 691, 303, 216, 516, 868, 93, 487, 1202, 0, 2151, 73, 522, 167 },
  { 1340, 314, 1393, 266, 576, 241, 369, 92, 32, 1040, 156, 918, 645, 148, 260, 2151, 0, 29, 71, 760 },
  { 14, 230, 40, 18, 435, 53, 63, 82, 69, 42, 159, 10, 86, 468, 49, 73, 29, 0, 346, 10 },
  { 56, 323, 754, 281, 1466, 391, 142, 10, 1971, 89, 189, 247, 215, 2370, 97, 522, 71, 346, 0, 119 },
  { 968, 92, 83, 75, 592, 54, 200, 91, 25, 4797, 865, 249, 475, 317, 122, 167, 760, 10, 119, 0 },
};
static constexpr double kPi_CpREV[20] = {
  0.076, 0.062, 0.041, 0.037, 0.009, 0.038, 0.049, 0.084, 0.025, 0.081, 0.101, 0.05, 0.022, 0.051, 0.043, 0.062, 0.054, 0.018, 0.031, 0.066
};

// --- VT ---
static constexpr double kR_VT[20][20] = {
  { 0, 0.233108, 0.199097, 0.265145, 0.227333, 0.310084, 0.567957, 0.876213, 0.078692, 0.222972, 0.42463, 0.393245, 0.21155, 0.116646, 0.399143, 1.817198, 0.877877, 0.030309, 0.087061, 1.230985 },
  { 0.233108, 0, 0.210797, 0.105191, 0.031726, 0.493763, 0.25524, 0.156945, 0.213164, 0.08151, 0.192364, 1.755838, 0.08793, 0.042569, 0.12848, 0.292327, 0.204109, 0.046417, 0.09701, 0.113146 },
  { 0.199097, 0.210797, 0, 0.883422, 0.027495, 0.2757, 0.270417, 0.362028, 0.290006, 0.087225, 0.069245, 0.50306, 0.05742, 0.039769, 0.083956, 0.847049, 0.471268, 0.010459, 0.093268, 0.049824 },
  { 0.265145, 0.105191, 0.883422, 0, 0.010313, 0.205842, 1.599461, 0.311718, 0.134252, 0.01172, 0.060863, 0.261101, 0.012182, 0.016577, 0.160063, 0.461519, 0.178197, 0.011393, 0.051664, 0.048769 },
  { 0.227333, 0.031726, 0.027495, 0.010313, 0, 0.004315, 0.005321, 0.050876, 0.016695, 0.046398, 0.091709, 0.004067, 0.02369, 0.051127, 0.011137, 0.17527, 0.079511, 0.007732, 0.042823, 0.163831 },
  { 0.310084, 0.493763, 0.2757, 0.205842, 0.004315, 0, 0.960976, 0.12866, 0.315521, 0.054602, 0.24353, 0.738208, 0.120801, 0.026235, 0.15657, 0.358017, 0.248992, 0.021248, 0.062544, 0.112027 },
  { 0.567957, 0.25524, 0.270417, 1.599461, 0.005321, 0.960976, 0, 0.250447, 0.104458, 0.046589, 0.151924, 0.88863, 0.058643, 0.028168, 0.205134, 0.406035, 0.321028, 0.018844, 0.0552, 0.205868 },
  { 0.876213, 0.156945, 0.362028, 0.311718, 0.050876, 0.12866, 0.250447, 0, 0.058131, 0.051089, 0.087056, 0.193243, 0.04656, 0.050143, 0.124492, 0.612843, 0.136266, 0.02399, 0.037568, 0.082579 },
  { 0.078692, 0.213164, 0.290006, 0.134252, 0.016695, 0.315521, 0.104458, 0.058131, 0, 0.020039, 0.103552, 0.153323, 0.021157, 0.079807, 0.078892, 0.167406, 0.101117, 0.020009, 0.286027, 0.068575 },
  { 0.222972, 0.08151, 0.087225, 0.01172, 0.046398, 0.054602, 0.046589, 0.051089, 0.020039, 0, 2.08989, 0.093181, 0.493845, 0.32102, 0.054797, 0.081567, 0.376588, 0.034954, 0.086237, 3.65443 },
  { 0.42463, 0.192364, 0.069245, 0.060863, 0.091709, 0.24353, 0.151924, 0.087056, 0.103552, 2.08989, 0, 0.201204, 1.105667, 0.946499, 0.169784, 0.214977, 0.243227, 0.083439, 0.189842, 1.337571 },
  { 0.393245, 1.755838, 0.50306, 0.261101, 0.004067, 0.738208, 0.88863, 0.193243, 0.153323, 0.093181, 0.201204, 0, 0.096474, 0.038261, 0.212302, 0.400072, 0.446646, 0.023321, 0.068689, 0.144587 },
  { 0.21155, 0.08793, 0.05742, 0.012182, 0.02369, 0.120801, 0.058643, 0.04656, 0.021157, 0.493845, 1.105667, 0.096474, 0, 0.173052, 0.010363, 0.090515, 0.184609, 0.022019, 0.073223, 0.307309 },
  { 0.116646, 0.042569, 0.039769, 0.016577, 0.051127, 0.026235, 0.028168, 0.050143, 0.079807, 0.32102, 0.946499, 0.038261, 0.173052, 0, 0.042564, 0.138119, 0.08587, 0.12805, 0.898663, 0.247329 },
  { 0.399143, 0.12848, 0.083956, 0.160063, 0.011137, 0.15657, 0.205134, 0.124492, 0.078892, 0.054797, 0.169784, 0.212302, 0.010363, 0.042564, 0, 0.430431, 0.207143, 0.014584, 0.032043, 0.129315 },
  { 1.817198, 0.292327, 0.847049, 0.461519, 0.17527, 0.358017, 0.406035, 0.612843, 0.167406, 0.081567, 0.214977, 0.400072, 0.090515, 0.138119, 0.430431, 0, 1.767766, 0.035933, 0.121979, 0.1277 },
  { 0.877877, 0.204109, 0.471268, 0.178197, 0.079511, 0.248992, 0.321028, 0.136266, 0.101117, 0.376588, 0.243227, 0.446646, 0.184609, 0.08587, 0.207143, 1.767766, 0, 0.020437, 0.094617, 0.740372 },
  { 0.030309, 0.046417, 0.010459, 0.011393, 0.007732, 0.021248, 0.018844, 0.02399, 0.020009, 0.034954, 0.083439, 0.023321, 0.022019, 0.12805, 0.014584, 0.035933, 0.020437, 0, 0.124746, 0.022134 },
  { 0.087061, 0.09701, 0.093268, 0.051664, 0.042823, 0.062544, 0.0552, 0.037568, 0.286027, 0.086237, 0.189842, 0.068689, 0.073223, 0.898663, 0.032043, 0.121979, 0.094617, 0.124746, 0, 0.125733 },
  { 1.230985, 0.113146, 0.049824, 0.048769, 0.163831, 0.112027, 0.205868, 0.082579, 0.068575, 3.65443, 1.337571, 0.144587, 0.307309, 0.247329, 0.129315, 0.1277, 0.740372, 0.022134, 0.125733, 0 },
};
static constexpr double kPi_VT[20] = {
  0.078837, 0.051238, 0.042313, 0.053066, 0.015175, 0.036713, 0.061924, 0.070852, 0.023082, 0.062056, 0.096371, 0.057324, 0.023771, 0.043296, 0.043911, 0.063403, 0.055897, 0.013272, 0.034399, 0.073101
};

// --- HIVb ---
static constexpr double kR_HIVb[20][20] = {
  { 0, 0.307507, 0.005, 1.45504, 0.123758, 0.0551128, 1.48135, 2.13536, 0.0847613, 0.005, 0.215256, 0.005, 0.0186643, 0.0141269, 2.12217, 2.46633, 15.9183, 0.005, 0.005, 7.61428 },
  { 0.307507, 0, 0.295543, 0.005, 0.351721, 3.4215, 0.0749218, 3.65345, 9.04044, 0.677289, 0.701427, 20.45, 2.51394, 0.005, 1.28355, 3.4791, 2.86868, 0.991338, 0.00991826, 0.0812454 },
  { 0.005, 0.295543, 0, 17.6612, 0.0860642, 0.672052, 0.0792633, 0.323401, 7.64585, 0.680565, 0.005, 7.90443, 0.005, 0.005, 0.00739578, 13.1447, 6.88667, 0.005, 1.76417, 0.026656 },
  { 1.45504, 0.005, 17.6612, 0, 0.005, 0.005, 10.5872, 2.83806, 1.9169, 0.0176792, 0.00876048, 0.005, 0.005, 0.005, 0.0342658, 0.52823, 0.274724, 0.005, 0.674653, 1.04793 },
  { 0.123758, 0.351721, 0.0860642, 0.005, 0, 0.005, 0.005, 0.897871, 0.240073, 0.005, 0.129777, 0.005, 0.005, 9.29815, 0.005, 4.69314, 0.739969, 2.63277, 7.57932, 0.420027 },
  { 0.0551128, 3.4215, 0.672052, 0.005, 0.005, 0, 2.5602, 0.0619137, 7.05545, 0.005, 1.49456, 6.54737, 0.303676, 0.005, 4.47211, 0.116311, 0.243589, 0.026656, 0.113033, 0.0209153 },
  { 1.48135, 0.0749218, 0.0792633, 10.5872, 0.005, 2.5602, 0, 3.92775, 0.11974, 0.00609079, 0.005, 4.61482, 0.175789, 0.005, 0.0120226, 0.005, 0.289774, 0.005, 0.0792633, 1.02847 },
  { 2.13536, 3.65345, 0.323401, 2.83806, 0.897871, 0.0619137, 3.92775, 0, 0.005, 0.005, 0.005, 0.521705, 0.005, 0.291561, 0.005, 4.38041, 0.369615, 1.21674, 0.005, 0.953155 },
  { 0.0847613, 9.04044, 7.64585, 1.9169, 0.240073, 7.05545, 0.11974, 0.005, 0, 0.103111, 1.74171, 0.005, 0.005, 0.145558, 2.45318, 0.382747, 0.711594, 0.0695179, 18.6943, 0.005 },
  { 0.005, 0.677289, 0.680565, 0.0176792, 0.005, 0.005, 0.00609079, 0.005, 0.103111, 0, 5.95879, 0.322319, 11.2065, 3.39836, 0.0410593, 1.21803, 8.61217, 0.005, 0.148168, 17.7389 },
  { 0.215256, 0.701427, 0.005, 0.00876048, 0.129777, 1.49456, 0.005, 0.005, 1.74171, 5.95879, 0, 0.0814995, 5.31961, 8.52484, 2.07757, 0.927656, 0.0437673, 0.748843, 0.111986, 1.41036 },
  { 0.005, 20.45, 7.90443, 0.005, 0.005, 6.54737, 4.61482, 0.521705, 0.005, 0.322319, 0.0814995, 0, 1.28246, 0.0342658, 0.0313862, 0.504111, 4.67142, 0.005, 0.005, 0.265829 },
  { 0.0186643, 2.51394, 0.005, 0.005, 0.005, 0.303676, 0.175789, 0.005, 0.005, 11.2065, 5.31961, 1.28246, 0, 0.188025, 0.005, 0.005, 4.94026, 0.089078, 0.005, 6.8532 },
  { 0.0141269, 0.005, 0.005, 0.005, 9.29815, 0.005, 0.005, 0.291561, 0.145558, 3.39836, 8.52484, 0.0342658, 0.188025, 0, 0.005, 0.956472, 0.0141269, 0.829343, 15.34, 0.723274 },
  { 2.12217, 1.28355, 0.00739578, 0.0342658, 0.005, 4.47211, 0.0120226, 0.005, 2.45318, 0.0410593, 2.07757, 0.0313862, 0.005, 0.005, 0, 5.37762, 2.01417, 0.0444506, 0.0304381, 0.005 },
  { 2.46633, 3.4791, 13.1447, 0.52823, 4.69314, 0.116311, 0.005, 4.38041, 0.382747, 1.21803, 0.927656, 0.504111, 0.005, 0.956472, 5.37762, 0, 8.93107, 0.0248728, 0.648024, 0.0749218 },
  { 15.9183, 2.86868, 6.88667, 0.274724, 0.739969, 0.243589, 0.289774, 0.369615, 0.711594, 8.61217, 0.0437673, 4.67142, 4.94026, 0.0141269, 2.01417, 8.93107, 0, 0.005, 0.105652, 0.709226 },
  { 0.005, 0.991338, 0.005, 0.005, 2.63277, 0.026656, 0.005, 1.21674, 0.0695179, 0.005, 0.748843, 0.005, 0.089078, 0.829343, 0.0444506, 0.0248728, 0.005, 0, 1.28022, 0.005 },
  { 0.005, 0.00991826, 1.76417, 0.674653, 7.57932, 0.113033, 0.0792633, 0.005, 18.6943, 0.148168, 0.111986, 0.005, 0.005, 15.34, 0.0304381, 0.648024, 0.105652, 1.28022, 0, 0.0410593 },
  { 7.61428, 0.0812454, 0.026656, 1.04793, 0.420027, 0.0209153, 1.02847, 0.953155, 0.005, 17.7389, 1.41036, 0.265829, 6.8532, 0.723274, 0.005, 0.0749218, 0.709226, 0.005, 0.0410593, 0 },
};
static constexpr double kPi_HIVb[20] = {
  0.060490222, 0.066039665, 0.044127815, 0.042109048, 0.020075899, 0.053606488, 0.071567447, 0.072308239, 0.022293943, 0.069730629, 0.098851122, 0.056968211, 0.019768318, 0.028809447, 0.046025282, 0.05060433, 0.053636813, 0.033011601, 0.028350243, 0.061625237
};

// --- HIVw ---
static constexpr double kR_HIVw[20][20] = {
  { 0, 0.0744808, 0.617509, 4.43521, 0.167653, 0.005, 5.56325, 1.8685, 0.005, 0.005, 0.16024, 0.592784, 0.005, 0.597923, 1.00981, 8.5942, 24.1422, 0.005, 0.005, 24.8094 },
  { 0.0744808, 0, 0.16024, 0.0674539, 2.86364, 10.6746, 0.0251632, 13.4379, 6.84405, 1.34069, 0.586757, 39.8897, 3.28652, 0.005, 0.404723, 8.35024, 0.928203, 5.96564, 0.005, 0.279425 },
  { 0.617509, 0.16024, 0, 29.4087, 0.0604932, 0.342068, 0.201526, 0.0604932, 8.59876, 0.987028, 0.005, 10.6655, 0.201526, 0.005, 0.344848, 14.5699, 4.54206, 0.005, 5.06475, 0.0744808 },
  { 4.43521, 0.0674539, 29.4087, 0, 0.005, 0.005, 12.1233, 10.3969, 2.31779, 0.145124, 0.005, 0.894313, 0.005, 0.005, 0.005, 0.427881, 0.630395, 0.005, 2.28154, 2.91786 },
  { 0.167653, 2.86364, 0.0604932, 0.005, 0, 0.005, 0.005, 0.0489798, 0.005, 0.005, 0.005, 0.005, 0.005, 0.362959, 0.005, 1.12195, 0.005, 5.49894, 8.34835, 0.005 },
  { 0.005, 10.6746, 0.342068, 0.005, 0.005, 0, 3.20656, 0.0604932, 18.5465, 0.0342252, 2.89048, 13.0705, 0.005, 0.005, 3.04502, 0.16024, 0.203091, 0.0443298, 0.005, 0.005 },
  { 5.56325, 0.0251632, 0.201526, 12.1233, 0.005, 3.20656, 0, 14.7801, 0.005, 0.0390512, 0.129839, 23.9626, 0.005, 0.005, 0.005, 0.005, 0.458743, 0.005, 0.005, 2.19952 },
  { 1.8685, 13.4379, 0.0604932, 10.3969, 0.0489798, 0.0604932, 14.7801, 0, 0.005, 0.005, 0.0489798, 0.279425, 0.0489798, 0.005, 0.005, 6.27966, 0.0489798, 2.8258, 0.005, 2.79622 },
  { 0.005, 6.84405, 8.59876, 2.31779, 0.005, 18.5465, 0.005, 0.005, 0, 0.005, 1.76382, 0.22406, 0.005, 0.005, 13.9444, 0.725157, 0.95956, 0.005, 47.4889, 0.827479 },
  { 0.005, 1.34069, 0.987028, 0.145124, 0.005, 0.0342252, 0.0390512, 0.005, 0.005, 0, 9.10246, 0.817481, 17.3064, 1.48288, 0.005, 0.740091, 9.36345, 0.005, 0.114512, 24.8231 },
  { 0.16024, 0.586757, 0.005, 0.005, 0.005, 2.89048, 0.129839, 0.0489798, 1.76382, 9.10246, 0, 0.005, 11.3839, 7.48781, 9.83095, 6.14396, 0.005, 1.37031, 0.005, 2.95344 },
  { 0.592784, 39.8897, 10.6655, 0.894313, 0.005, 13.0705, 23.9626, 0.279425, 0.22406, 0.817481, 0.005, 0, 4.09564, 0.005, 0.111928, 0.005, 4.04802, 0.005, 0.005, 0.128065 },
  { 0.005, 3.28652, 0.201526, 0.005, 0.005, 0.005, 0.005, 0.0489798, 0.005, 17.3064, 11.3839, 4.09564, 0, 0.005, 0.005, 0.392575, 7.41313, 0.005, 0.579198, 14.7683 },
  { 0.597923, 0.005, 0.005, 0.005, 0.362959, 0.005, 0.005, 0.005, 0.005, 1.48288, 7.48781, 0.005, 0.005, 0, 0.0342252, 4.27939, 0.114512, 0.005, 4.12728, 2.28 },
  { 1.00981, 0.404723, 0.344848, 0.005, 0.005, 3.04502, 0.005, 0.005, 13.9444, 0.005, 9.83095, 0.111928, 0.005, 0.0342252, 0, 14.249, 4.33701, 0.005, 0.005, 0.005 },
  { 8.5942, 8.35024, 14.5699, 0.427881, 1.12195, 0.16024, 0.005, 6.27966, 0.725157, 0.740091, 6.14396, 0.005, 0.392575, 4.27939, 14.249, 0, 6.34079, 1.10156, 0.933142, 0.862637 },
  { 24.1422, 0.928203, 4.54206, 0.630395, 0.005, 0.203091, 0.458743, 0.0489798, 0.95956, 9.36345, 0.005, 4.04802, 7.41313, 0.114512, 4.33701, 6.34079, 0, 0.005, 0.490608, 0.005 },
  { 0.005, 5.96564, 0.005, 0.005, 5.49894, 0.0443298, 0.005, 2.8258, 0.005, 0.005, 1.37031, 0.005, 0.005, 0.005, 0.005, 1.10156, 0.005, 0, 0.005, 0.005 },
  { 0.005, 0.005, 5.06475, 2.28154, 8.34835, 0.005, 0.005, 0.005, 47.4889, 0.114512, 0.005, 0.005, 0.579198, 4.12728, 0.005, 0.933142, 0.490608, 0.005, 0, 1.35482 },
  { 24.8094, 0.279425, 0.0744808, 2.91786, 0.005, 0.005, 2.19952, 2.79622, 0.827479, 24.8231, 2.95344, 0.128065, 14.7683, 2.28, 0.005, 0.862637, 0.005, 0.005, 1.35482, 0 },
};
static constexpr double kPi_HIVw[20] = {
  0.0377494, 0.057321, 0.0891129, 0.0342034, 0.0240105, 0.0437824, 0.0618606, 0.0838496, 0.0156076, 0.0983641, 0.0577867, 0.0641682, 0.0158419, 0.0422741, 0.0458601, 0.0550846, 0.0813774, 0.019597, 0.0205847, 0.0515639
};

// --- FLU ---
static constexpr double kR_FLU[20][20] = {
  { 0, 0.138659, 0.053367, 0.584852, 0.026447, 0.353754, 1.484235, 1.132313, 0.214758, 0.149927, 0.023117, 0.474334, 0.058745, 0.080491, 0.659311, 3.011345, 5.418298, 0.195966, 0.018289, 3.532005 },
  { 0.138659, 0, 0.161001, 0.006772, 0.167207, 3.292717, 0.124898, 1.190624, 1.87957, 0.246117, 0.296046, 15.300097, 0.890162, 0.016055, 0.154027, 0.950138, 0.183077, 1.369429, 0.099855, 0.103964 },
  { 0.053367, 0.161001, 0, 7.737393, 1.3e-05, 0.530643, 0.061652, 0.322525, 1.387096, 0.218572, 0.000836, 2.646848, 0.005252, 0.000836, 0.036442, 3.881311, 2.140332, 0.000536, 0.373102, 0.010258 },
  { 0.584852, 0.006772, 7.737393, 0, 0.014132, 0.145469, 5.370511, 1.934833, 0.887571, 0.014086, 0.005731, 0.290043, 0.041763, 1e-06, 0.188539, 0.338372, 0.135481, 1.5e-05, 0.525399, 0.297124 },
  { 0.026447, 0.167207, 1.3e-05, 0.014132, 0, 0.002547, 0, 0.116941, 0.021845, 0.001112, 0.005614, 4e-06, 0.111457, 0.104054, 0, 0.336263, 0.011975, 0.094107, 0.601692, 0.054905 },
  { 0.353754, 3.292717, 0.530643, 0.145469, 0.002547, 0, 1.195629, 0.108051, 5.330313, 0.02884, 1.020367, 2.559587, 0.190259, 0.032681, 0.71277, 0.487822, 0.602341, 0.044021, 0.072206, 0.406698 },
  { 1.484235, 0.124898, 0.061652, 5.370511, 0, 1.195629, 0, 1.593099, 0.256492, 0.014211, 0.0165, 3.881489, 0.313974, 0.001004, 0.319559, 0.30714, 0.280125, 0.155245, 0.104093, 0.285048 },
  { 1.132313, 1.190624, 0.322525, 1.934833, 0.116941, 0.108051, 1.593099, 0, 0.058775, 1.6e-05, 0.006516, 0.264149, 0.0015, 0.001237, 0.038632, 1.585647, 0.018808, 0.196486, 0.074815, 0.33723 },
  { 0.214758, 1.87957, 1.387096, 0.887571, 0.021845, 5.330313, 0.256492, 0.058775, 0, 0.24319, 0.321612, 0.347303, 0.001274, 0.119029, 0.924467, 0.580704, 0.368714, 0.022373, 6.448954, 0.098631 },
  { 0.149927, 0.246117, 0.218572, 0.014086, 0.001112, 0.02884, 0.014211, 1.6e-05, 0.24319, 0, 3.512072, 0.227708, 9.017954, 1.463357, 0.080543, 0.290381, 2.904052, 0.032132, 0.273934, 14.394052 },
  { 0.023117, 0.296046, 0.000836, 0.005731, 0.005614, 1.020367, 0.0165, 0.006516, 0.321612, 3.512072, 0, 0.129224, 6.746936, 2.9868, 0.634309, 0.570767, 0.044926, 0.431278, 0.340058, 0.890599 },
  { 0.474334, 15.300097, 2.646848, 0.290043, 4e-06, 2.559587, 3.881489, 0.264149, 0.347303, 0.227708, 0.129224, 0, 1.331292, 0.319896, 0.195751, 0.283808, 1.526964, 5e-05, 0.012416, 0.073128 },
  { 0.058745, 0.890162, 0.005252, 0.041763, 0.111457, 0.190259, 0.313974, 0.0015, 0.001274, 9.017954, 6.746936, 1.331292, 0, 0.279911, 0.056869, 0.007027, 2.031511, 0.07046, 0.874272, 4.904842 },
  { 0.080491, 0.016055, 0.000836, 1e-06, 0.104054, 0.032681, 0.001004, 0.001237, 0.119029, 1.463357, 2.9868, 0.319896, 0.279911, 0, 0.007132, 0.996686, 0.000135, 0.814753, 5.393924, 0.592588 },
  { 0.659311, 0.154027, 0.036442, 0.188539, 0, 0.71277, 0.319559, 0.038632, 0.924467, 0.080543, 0.634309, 0.195751, 0.056869, 0.007132, 0, 2.087385, 0.542251, 0.000431, 0.000182, 0.058972 },
  { 3.011345, 0.950138, 3.881311, 0.338372, 0.336263, 0.487822, 0.30714, 1.585647, 0.580704, 0.290381, 0.570767, 0.283808, 0.007027, 0.996686, 2.087385, 0, 2.20686, 0.099836, 0.392552, 0.088256 },
  { 5.418298, 0.183077, 2.140332, 0.135481, 0.011975, 0.602341, 0.280125, 0.018808, 0.368714, 2.904052, 0.044926, 1.526964, 2.031511, 0.000135, 0.542251, 2.20686, 0, 0.207066, 0.124898, 0.654109 },
  { 0.195966, 1.369429, 0.000536, 1.5e-05, 0.094107, 0.044021, 0.155245, 0.196486, 0.022373, 0.032132, 0.431278, 5e-05, 0.07046, 0.814753, 0.000431, 0.099836, 0.207066, 0, 0.427755, 0.2569 },
  { 0.018289, 0.099855, 0.373102, 0.525399, 0.601692, 0.072206, 0.104093, 0.074815, 6.448954, 0.273934, 0.340058, 0.012416, 0.874272, 5.393924, 0.000182, 0.392552, 0.124898, 0.427755, 0, 0.167582 },
  { 3.532005, 0.103964, 0.010258, 0.297124, 0.054905, 0.406698, 0.285048, 0.33723, 0.098631, 14.394052, 0.890599, 0.073128, 4.904842, 0.592588, 0.058972, 0.088256, 0.654109, 0.2569, 0.167582, 0 },
};
static constexpr double kPi_FLU[20] = {
  0.047072, 0.05091, 0.074214, 0.04786, 0.025022, 0.033304, 0.054587, 0.076373, 0.019964, 0.067134, 0.071498, 0.056785, 0.018151, 0.030496, 0.050656, 0.088409, 0.074339, 0.018524, 0.031474, 0.063229
};

